Time,Balance Before,Balance After,P&L,Action
2023-03-06 13:09:32,92 995.20,93 045.20,+50.00,"Close short position for symbol CME_MINI:ES1! at price 4061.00 for 1 shares. Position AVG Price was 4062.000000, currency: USD, point value: 50.000000"
2023-03-06 12:50:48,92 990.20,92 995.20,+5.00,"Close short position for symbol CME_MINI:NQ1! at price 12387.50 for 1 shares. Position AVG Price was 12387.750000, currency: USD, point value: 20.000000"
2023-03-06 12:49:54,93 035.20,92 990.20,-45.00,"Close short position for symbol CME_MINI:NQ1! at price 12392.00 for 1 shares. Position AVG Price was 12389.750000, currency: USD, point value: 20.000000"
2023-03-06 12:49:06,93 025.20,93 035.20,+10.00,"Close short position for symbol CME_MINI:NQ1! at price 12391.00 for 1 shares. Position AVG Price was 12391.500000, currency: USD, point value: 20.000000"
2023-03-06 12:48:18,93 100.20,93 025.20,-75.00,"Close short position for symbol CME_MINI:NQ1! at price 12395.00 for 1 shares. Position AVG Price was 12391.250000, currency: USD, point value: 20.000000"
2023-03-06 12:47:18,93 065.20,93 100.20,+35.00,"Close short position for symbol CME_MINI:NQ1! at price 12397.75 for 1 shares. Position AVG Price was 12399.500000, currency: USD, point value: 20.000000"
2023-03-06 12:46:38,93 090.20,93 065.20,-25.00,"Close short position for symbol CME_MINI:NQ1! at price 12401.50 for 1 shares. Position AVG Price was 12400.250000, currency: USD, point value: 20.000000"
2023-03-06 12:45:59,92 925.20,93 090.20,+165.00,"Close short position for symbol CME_MINI:NQ1! at price 12406.25 for 1 shares. Position AVG Price was 12414.500000, currency: USD, point value: 20.000000"
2023-03-06 11:33:07,92 975.20,92 925.20,-50.00,"Close short position for symbol CME_MINI:ES1! at price 4073.00 for 1 shares. Position AVG Price was 4072.000000, currency: USD, point value: 50.000000"
2023-03-06 11:31:53,93 025.20,92 975.20,-50.00,"Close short position for symbol CME_MINI:ES1! at price 4072.75 for 1 shares. Position AVG Price was 4071.750000, currency: USD, point value: 50.000000"
2023-03-06 11:29:38,93 062.70,93 025.20,-37.50,"Close short position for symbol CME_MINI:ES1! at price 4072.75 for 1 shares. Position AVG Price was 4072.000000, currency: USD, point value: 50.000000"
2023-03-06 11:21:24,93 387.70,93 062.70,-325.00,"Close long position for symbol CME_MINI:NQ1! at price 12469.25 for 1 shares. Position AVG Price was 12485.500000, currency: USD, point value: 20.000000"
2023-03-06 11:11:23,93 452.70,93 387.70,-65.00,"Close long position for symbol CME_MINI:NQ1! at price 12475.00 for 1 shares. Position AVG Price was 12478.250000, currency: USD, point value: 20.000000"
2023-03-06 11:10:53,93 487.70,93 452.70,-35.00,"Close long position for symbol CME_MINI:NQ1! at price 12475.75 for 1 shares. Position AVG Price was 12477.500000, currency: USD, point value: 20.000000"
2023-03-06 10:46:28,93 527.70,93 487.70,-40.00,"Close long position for symbol CME_MINI:NQ1! at price 12470.75 for 1 shares. Position AVG Price was 12472.750000, currency: USD, point value: 20.000000"
2023-03-06 10:44:14,93 507.70,93 527.70,+20.00,"Close long position for symbol CME_MINI:NQ1! at price 12466.25 for 1 shares. Position AVG Price was 12465.250000, currency: USD, point value: 20.000000"
2023-03-06 10:43:32,93 517.70,93 507.70,-10.00,"Close long position for symbol CME_MINI:NQ1! at price 12454.00 for 1 shares. Position AVG Price was 12454.500000, currency: USD, point value: 20.000000"
2023-03-06 10:43:15,93 437.70,93 517.70,+80.00,"Close long position for symbol CME_MINI:NQ1! at price 12453.00 for 3 shares. Position AVG Price was 12451.666667, currency: USD, point value: 20.000000"
2023-03-06 10:41:35,93 437.80,93 437.70,-0.10,"Close short position for symbol NASDAQ:QQQ at price 303.02 for 10 shares. Position AVG Price was 303.010000, currency: USD, point value: 1.000000"
2023-03-06 10:41:15,93 417.80,93 437.80,+20.00,"Close long position for symbol CME_MINI:NQ1! at price 12446.25 for 1 shares. Position AVG Price was 12445.250000, currency: USD, point value: 20.000000"
2023-03-06 10:38:22,93 377.80,93 417.80,+40.00,"Close long position for symbol CME_MINI:NQ1! at price 12442.75 for 1 shares. Position AVG Price was 12440.750000, currency: USD, point value: 20.000000"
2023-03-06 10:32:40,93 397.80,93 377.80,-20.00,"Close long position for symbol CME_MINI:NQ1! at price 12444.25 for 1 shares. Position AVG Price was 12445.250000, currency: USD, point value: 20.000000"
2023-03-06 10:32:26,93 367.80,93 397.80,+30.00,"Close long position for symbol CME_MINI:NQ1! at price 12442.50 for 1 shares. Position AVG Price was 12441.000000, currency: USD, point value: 20.000000"
2023-03-06 10:31:12,93 407.80,93 367.80,-40.00,"Close long position for symbol CME_MINI:NQ1! at price 12438.25 for 1 shares. Position AVG Price was 12440.250000, currency: USD, point value: 20.000000"
2023-03-06 10:29:25,93 547.80,93 407.80,-140.00,"Close long position for symbol CME_MINI:NQ1! at price 12433.00 for 1 shares. Position AVG Price was 12440.000000, currency: USD, point value: 20.000000"
2023-03-06 10:24:55,93 535.30,93 547.80,+12.50,"Close long position for symbol CME_MINI:ES1! at price 4075.00 for 1 shares. Position AVG Price was 4074.750000, currency: USD, point value: 50.000000"
2023-03-06 10:20:54,93 672.80,93 535.30,-137.50,"Close long position for symbol CME_MINI:ES1! at price 4074.25 for 1 shares. Position AVG Price was 4077.000000, currency: USD, point value: 50.000000"
2023-03-06 10:09:32,93 647.80,93 672.80,+25.00,"Close long position for symbol CME_MINI:ES1! at price 4073.25 for 1 shares. Position AVG Price was 4072.750000, currency: USD, point value: 50.000000"
2023-03-06 10:09:02,93 622.80,93 647.80,+25.00,"Close long position for symbol CME_MINI:ES1! at price 4071.50 for 1 shares. Position AVG Price was 4071.000000, currency: USD, point value: 50.000000"
2023-03-06 09:48:01,93 637.80,93 622.80,-15.00,"Close short position for symbol CME_MINI:NQ1! at price 12352.25 for 1 shares. Position AVG Price was 12351.500000, currency: USD, point value: 20.000000"
2023-03-06 09:47:53,93 627.80,93 637.80,+10.00,"Close short position for symbol CME_MINI:NQ1! at price 12356.00 for 1 shares. Position AVG Price was 12356.500000, currency: USD, point value: 20.000000"
2023-03-06 09:47:15,93 582.80,93 627.80,+45.00,"Close short position for symbol CME_MINI:NQ1! at price 12356.50 for 1 shares. Position AVG Price was 12358.750000, currency: USD, point value: 20.000000"
2023-03-06 09:41:01,93 582.80,93 582.80,0.00,"Close long position for symbol CME_MINI:NQ1! at price 12378.00 for 1 shares. Position AVG Price was 12378.000000, currency: USD, point value: 20.000000"
2023-03-06 09:34:03,93 567.80,93 582.80,+15.00,"Close long position for symbol CME_MINI:NQ1! at price 12390.25 for 1 shares. Position AVG Price was 12389.500000, currency: USD, point value: 20.000000"
2023-03-03 14:46:28,93 632.80,93 567.80,-65.00,"Close long position for symbol CME_MINI:NQ1! at price 12297.75 for 1 shares. Position AVG Price was 12301.000000, currency: USD, point value: 20.000000"
2023-03-03 14:44:32,93 742.80,93 632.80,-110.00,"Close long position for symbol CME_MINI:NQ1! at price 12296.25 for 1 shares. Position AVG Price was 12301.750000, currency: USD, point value: 20.000000"
2023-03-03 14:43:48,93 762.80,93 742.80,-20.00,"Close long position for symbol CME_MINI:NQ1! at price 12300.50 for 1 shares. Position AVG Price was 12301.500000, currency: USD, point value: 20.000000"
2023-03-03 14:43:39,93 763.00,93 762.80,-0.20,"Close long position for symbol NASDAQ:QQQ at price 299.42 for 10 shares. Position AVG Price was 299.440000, currency: USD, point value: 1.000000"
2023-03-03 14:41:41,93 808.00,93 763.00,-45.00,"Close short position for symbol CME_MINI:NQ1! at price 12294.25 for 1 shares. Position AVG Price was 12292.000000, currency: USD, point value: 20.000000"
2023-03-03 14:36:48,93 993.00,93 808.00,-185.00,"Close long position for symbol CME_MINI:NQ1! at price 12295.50 for 1 shares. Position AVG Price was 12304.750000, currency: USD, point value: 20.000000"
2023-03-03 14:33:52,93 983.00,93 993.00,+10.00,"Close long position for symbol CME_MINI:NQ1! at price 12303.75 for 1 shares. Position AVG Price was 12303.250000, currency: USD, point value: 20.000000"
2023-03-03 14:30:56,94 013.00,93 983.00,-30.00,"Close long position for symbol CME_MINI:NQ1! at price 12299.75 for 1 shares. Position AVG Price was 12301.250000, currency: USD, point value: 20.000000"
2023-03-03 14:28:40,94 083.00,94 013.00,-70.00,"Close long position for symbol CME_MINI:NQ1! at price 12293.25 for 1 shares. Position AVG Price was 12296.750000, currency: USD, point value: 20.000000"
2023-03-03 14:24:57,94 108.00,94 083.00,-25.00,"Close long position for symbol CME_MINI:NQ1! at price 12293.50 for 1 shares. Position AVG Price was 12294.750000, currency: USD, point value: 20.000000"
2023-03-03 14:23:24,94 083.00,94 108.00,+25.00,"Close long position for symbol CME_MINI:NQ1! at price 12293.75 for 1 shares. Position AVG Price was 12292.500000, currency: USD, point value: 20.000000"
2023-03-03 14:18:19,94 133.00,94 083.00,-50.00,"Close long position for symbol CME_MINI:NQ1! at price 12292.00 for 1 shares. Position AVG Price was 12294.500000, currency: USD, point value: 20.000000"
2023-03-03 14:17:01,94 203.00,94 133.00,-70.00,"Close long position for symbol CME_MINI:NQ1! at price 12292.25 for 1 shares. Position AVG Price was 12295.750000, currency: USD, point value: 20.000000"
2023-03-03 14:16:33,94 198.00,94 203.00,+5.00,"Close long position for symbol CME_MINI:NQ1! at price 12294.25 for 1 shares. Position AVG Price was 12294.000000, currency: USD, point value: 20.000000"
2023-03-03 14:15:25,94 223.00,94 198.00,-25.00,"Close long position for symbol CME_MINI:NQ1! at price 12292.75 for 1 shares. Position AVG Price was 12294.000000, currency: USD, point value: 20.000000"
2023-03-03 14:14:14,94 233.00,94 223.00,-10.00,"Close long position for symbol CME_MINI:NQ1! at price 12292.00 for 1 shares. Position AVG Price was 12292.500000, currency: USD, point value: 20.000000"
2023-03-03 13:23:33,94 258.00,94 233.00,-25.00,"Close short position for symbol CME_MINI:ES1! at price 4035.50 for 1 shares. Position AVG Price was 4035.000000, currency: USD, point value: 50.000000"
2023-03-03 13:21:13,94 245.50,94 258.00,+12.50,"Close short position for symbol CME_MINI:ES1! at price 4036.00 for 1 shares. Position AVG Price was 4036.250000, currency: USD, point value: 50.000000"
2023-03-03 13:21:13,94 233.00,94 245.50,+12.50,"Close short position for symbol CME_MINI:ES1! at price 4036.00 for 1 shares. Position AVG Price was 4036.250000, currency: USD, point value: 50.000000"
2023-03-03 13:18:04,94 245.50,94 233.00,-12.50,"Close short position for symbol CME_MINI:ES1! at price 4037.25 for 1 shares. Position AVG Price was 4037.000000, currency: USD, point value: 50.000000"
2023-03-03 13:17:45,94 245.55,94 245.50,-0.05,"Close short position for symbol AMEX:SPY at price 402.90 for 1 shares. Position AVG Price was 402.850000, currency: USD, point value: 1.000000"
2023-03-03 13:15:18,94 320.55,94 245.55,-75.00,"Close long position for symbol CME_MINI:ES1! at price 4038.50 for 1 shares. Position AVG Price was 4040.000000, currency: USD, point value: 50.000000"
2023-03-03 13:09:53,94 320.55,94 320.55,0.00,"Close long position for symbol CME_MINI:ES1! at price 4039.50 for 1 shares. Position AVG Price was 4039.500000, currency: USD, point value: 50.000000"
2023-03-03 13:09:28,94 308.05,94 320.55,+12.50,"Close long position for symbol CME_MINI:ES1! at price 4039.25 for 1 shares. Position AVG Price was 4039.000000, currency: USD, point value: 50.000000"
2023-03-03 13:07:09,94 308.05,94 308.05,0.00,"Close long position for symbol CME_MINI:ES1! at price 4039.00 for 1 shares. Position AVG Price was 4039.000000, currency: USD, point value: 50.000000"
2023-03-03 13:04:44,94 333.05,94 308.05,-25.00,"Close long position for symbol CME_MINI:ES1! at price 4037.50 for 1 shares. Position AVG Price was 4038.000000, currency: USD, point value: 50.000000"
2023-03-03 12:59:43,94 320.55,94 333.05,+12.50,"Close long position for symbol CME_MINI:ES1! at price 4037.25 for 1 shares. Position AVG Price was 4037.000000, currency: USD, point value: 50.000000"
2023-03-03 12:12:21,94 320.55,94 320.55,0.00,"Close long position for symbol CME_MINI:ES1! at price 4030.50 for 4 shares. Position AVG Price was 4030.500000, currency: USD, point value: 50.000000"
2023-03-03 12:03:33,94 395.55,94 320.55,-75.00,"Close long position for symbol CME_MINI:ES1! at price 4027.00 for 1 shares. Position AVG Price was 4028.500000, currency: USD, point value: 50.000000"
2023-03-03 12:02:03,94 395.55,94 395.55,0.00,"Close long position for symbol CME_MINI:ES1! at price 4028.00 for 1 shares. Position AVG Price was 4028.000000, currency: USD, point value: 50.000000"
2023-03-03 11:59:56,94 483.05,94 395.55,-87.50,"Close long position for symbol CME_MINI:ES1! at price 4027.25 for 1 shares. Position AVG Price was 4029.000000, currency: USD, point value: 50.000000"
2023-03-03 11:58:20,94 433.05,94 483.05,+50.00,"Close long position for symbol CME_MINI:ES1! at price 4028.75 for 1 shares. Position AVG Price was 4027.750000, currency: USD, point value: 50.000000"
2023-03-03 11:56:46,94 433.05,94 433.05,0.00,"Close long position for symbol CME_MINI:ES1! at price 4026.25 for 1 shares. Position AVG Price was 4026.250000, currency: USD, point value: 50.000000"
2023-03-03 11:53:04,94 445.55,94 433.05,-12.50,"Close long position for symbol CME_MINI:ES1! at price 4025.50 for 1 shares. Position AVG Price was 4025.750000, currency: USD, point value: 50.000000"
2023-03-03 11:52:39,94 445.55,94 445.55,0.00,"Close long position for symbol CME_MINI:ES1! at price 4025.25 for 1 shares. Position AVG Price was 4025.250000, currency: USD, point value: 50.000000"
2023-03-03 11:38:25,94 420.55,94 445.55,+25.00,"Close long position for symbol CME_MINI:ES1! at price 4022.25 for 1 shares. Position AVG Price was 4021.750000, currency: USD, point value: 50.000000"
2023-03-03 11:36:37,94 458.05,94 420.55,-37.50,"Close long position for symbol CME_MINI:ES1! at price 4020.75 for 1 shares. Position AVG Price was 4021.500000, currency: USD, point value: 50.000000"
2023-03-03 11:35:54,94 470.55,94 458.05,-12.50,"Close long position for symbol CME_MINI:ES1! at price 4020.50 for 1 shares. Position AVG Price was 4020.750000, currency: USD, point value: 50.000000"
2023-03-03 11:35:32,94 470.60,94 470.55,-0.05,"Close long position for symbol AMEX:SPY at price 401.23 for 1 shares. Position AVG Price was 401.280000, currency: USD, point value: 1.000000"
2023-03-03 11:33:52,94 645.60,94 470.60,-175.00,"Close long position for symbol CME_MINI:ES1! at price 4019.75 for 1 shares. Position AVG Price was 4023.250000, currency: USD, point value: 50.000000"
2023-03-03 10:58:23,94 633.10,94 645.60,+12.50,"Close short position for symbol CME_MINI:ES1! at price 4015.00 for 1 shares. Position AVG Price was 4015.250000, currency: USD, point value: 50.000000"
2023-03-03 10:57:04,94 683.10,94 633.10,-50.00,"Close long position for symbol CME_MINI:ES1! at price 4017.00 for 1 shares. Position AVG Price was 4018.000000, currency: USD, point value: 50.000000"
2023-03-03 10:54:46,94 720.60,94 683.10,-37.50,"Close short position for symbol CME_MINI:ES1! at price 4015.50 for 1 shares. Position AVG Price was 4014.750000, currency: USD, point value: 50.000000"