Time,Balance Before,Balance After,P&L,Action
2023-03-09 09:00:08,92 522.34,92 602.34,+80.00,"Close long position for symbol CME_MINI:NQ1! at price 12261.50 for 1 shares. Position AVG Price was 12257.500000, currency: USD, point value: 20.000000"
2023-03-09 08:33:14,92 409.84,92 522.34,+112.50,"Close long position for symbol CME_MINI:ES1! at price 3996.50 for 1 shares. Position AVG Price was 3994.250000, currency: USD, point value: 50.000000"
2023-03-09 08:32:21,92 359.84,92 409.84,+50.00,"Close long position for symbol CME_MINI:ES1! at price 3994.25 for 1 shares. Position AVG Price was 3993.250000, currency: USD, point value: 50.000000"
2023-03-09 08:31:17,92 384.84,92 359.84,-25.00,"Close long position for symbol CME_MINI:ES1! at price 3990.75 for 1 shares. Position AVG Price was 3991.250000, currency: USD, point value: 50.000000"
2023-03-09 08:30:45,92 434.84,92 384.84,-50.00,"Close long position for symbol CME_MINI:ES1! at price 3989.50 for 1 shares. Position AVG Price was 3990.500000, currency: USD, point value: 50.000000"
2023-03-08 13:32:16,92 459.84,92 434.84,-25.00,"Close long position for symbol CME_MINI:ES1! at price 3975.75 for 1 shares. Position AVG Price was 3976.250000, currency: USD, point value: 50.000000"
2023-03-08 13:32:10,92 459.84,92 459.84,0.00,"Close long position for symbol CME_MINI:ES1! at price 3976.25 for 1 shares. Position AVG Price was 3976.250000, currency: USD, point value: 50.000000"
2023-03-08 13:31:38,92 547.34,92 459.84,-87.50,"Close short position for symbol CME_MINI:ES1! at price 3974.25 for 1 shares. Position AVG Price was 3972.500000, currency: USD, point value: 50.000000"
2023-03-08 13:31:00,92 584.84,92 547.34,-37.50,"Close short position for symbol CME_MINI:ES1! at price 3973.50 for 1 shares. Position AVG Price was 3972.750000, currency: USD, point value: 50.000000"
2023-03-08 13:29:45,92 584.87,92 584.84,-0.03,"Close short position for symbol AMEX:SPY at price 396.78 for 1 shares. Position AVG Price was 396.750000, currency: USD, point value: 1.000000"
2023-03-08 13:29:01,92 559.87,92 584.87,+25.00,"Close short position for symbol CME_MINI:ES1! at price 3974.25 for 1 shares. Position AVG Price was 3974.750000, currency: USD, point value: 50.000000"
2023-03-08 12:32:33,92 522.37,92 559.87,+37.50,"Close short position for symbol CME_MINI:ES1! at price 3979.00 for 1 shares. Position AVG Price was 3979.750000, currency: USD, point value: 50.000000"
2023-03-08 12:32:14,92 497.37,92 522.37,+25.00,"Close short position for symbol CME_MINI:ES1! at price 3981.50 for 1 shares. Position AVG Price was 3982.000000, currency: USD, point value: 50.000000"
2023-03-08 12:30:26,92 472.37,92 497.37,+25.00,"Close short position for symbol CME_MINI:ES1! at price 3984.50 for 1 shares. Position AVG Price was 3985.000000, currency: USD, point value: 50.000000"
2023-03-08 12:18:08,92 484.87,92 472.37,-12.50,"Close long position for symbol CME_MINI:ES1! at price 3987.75 for 1 shares. Position AVG Price was 3988.000000, currency: USD, point value: 50.000000"
2023-03-08 12:18:05,92 572.37,92 484.87,-87.50,"Close short position for symbol CME_MINI:ES1! at price 3988.00 for 1 shares. Position AVG Price was 3986.250000, currency: USD, point value: 50.000000"
2023-03-08 11:52:11,92 627.37,92 572.37,-55.00,"Close long position for symbol CME_MINI:NQ1! at price 12250.75 for 1 shares. Position AVG Price was 12253.500000, currency: USD, point value: 20.000000"
2023-03-08 11:49:19,92 577.37,92 627.37,+50.00,"Close long position for symbol CME_MINI:NQ1! at price 12249.25 for 1 shares. Position AVG Price was 12246.750000, currency: USD, point value: 20.000000"
2023-03-08 11:48:29,92 512.37,92 577.37,+65.00,"Close long position for symbol CME_MINI:NQ1! at price 12226.75 for 1 shares. Position AVG Price was 12223.500000, currency: USD, point value: 20.000000"
2023-03-08 11:47:20,92 637.37,92 512.37,-125.00,"Close long position for symbol CME_MINI:NQ1! at price 12219.00 for 1 shares. Position AVG Price was 12225.250000, currency: USD, point value: 20.000000"
2023-03-08 11:35:25,92 637.37,92 637.37,0.00,"Close short position for symbol CME_MINI:ES1! at price 3984.00 for 1 shares. Position AVG Price was 3984.000000, currency: USD, point value: 50.000000"
2023-03-08 11:32:47,92 624.87,92 637.37,+12.50,"Close short position for symbol CME_MINI:ES1! at price 3987.75 for 1 shares. Position AVG Price was 3988.000000, currency: USD, point value: 50.000000"
2023-03-08 11:31:52,92 662.37,92 624.87,-37.50,"Close short position for symbol CME_MINI:ES1! at price 3989.00 for 1 shares. Position AVG Price was 3988.250000, currency: USD, point value: 50.000000"
2023-03-08 11:31:25,92 612.37,92 662.37,+50.00,"Close short position for symbol CME_MINI:ES1! at price 3989.50 for 1 shares. Position AVG Price was 3990.500000, currency: USD, point value: 50.000000"
2023-03-08 11:29:48,92 674.87,92 612.37,-62.50,"Close short position for symbol CME_MINI:ES1! at price 3992.00 for 1 shares. Position AVG Price was 3990.750000, currency: USD, point value: 50.000000"
2023-03-08 11:08:14,92 689.87,92 674.87,-15.00,"Close long position for symbol CME_MINI:NQ1! at price 12230.00 for 1 shares. Position AVG Price was 12230.750000, currency: USD, point value: 20.000000"
2023-03-08 11:07:44,92 674.87,92 689.87,+15.00,"Close long position for symbol CME_MINI:NQ1! at price 12227.00 for 1 shares. Position AVG Price was 12226.250000, currency: USD, point value: 20.000000"
2023-03-08 11:06:12,92 634.87,92 674.87,+40.00,"Close long position for symbol CME_MINI:NQ1! at price 12222.00 for 1 shares. Position AVG Price was 12220.000000, currency: USD, point value: 20.000000"
2023-03-08 10:53:11,92 697.37,92 634.87,-62.50,"Close short position for symbol CME_MINI:ES1! at price 3989.00 for 1 shares. Position AVG Price was 3987.750000, currency: USD, point value: 50.000000"
2023-03-08 10:52:03,92 784.87,92 697.37,-87.50,"Close short position for symbol CME_MINI:ES1! at price 3990.25 for 1 shares. Position AVG Price was 3988.500000, currency: USD, point value: 50.000000"
2023-03-08 10:36:49,92 859.87,92 784.87,-75.00,"Close short position for symbol CME_MINI:ES1! at price 4001.50 for 1 shares. Position AVG Price was 4000.000000, currency: USD, point value: 50.000000"
2023-03-08 10:36:37,92 984.87,92 859.87,-125.00,"Close long position for symbol CME_MINI:ES1! at price 4000.25 for 1 shares. Position AVG Price was 4002.750000, currency: USD, point value: 50.000000"
2023-03-08 10:34:13,93 022.37,92 984.87,-37.50,"Close long position for symbol CME_MINI:ES1! at price 4001.50 for 1 shares. Position AVG Price was 4002.250000, currency: USD, point value: 50.000000"
2023-03-08 10:24:49,92 922.37,93 022.37,+100.00,"Close long position for symbol CME_MINI:ES1! at price 3998.00 for 1 shares. Position AVG Price was 3996.000000, currency: USD, point value: 50.000000"
2023-03-08 10:24:11,92 959.87,92 922.37,-37.50,"Close long position for symbol CME_MINI:ES1! at price 3994.75 for 1 shares. Position AVG Price was 3995.500000, currency: USD, point value: 50.000000"
2023-03-08 10:21:03,92 897.37,92 959.87,+62.50,"Close short position for symbol CME_MINI:ES1! at price 3982.50 for 1 shares. Position AVG Price was 3983.750000, currency: USD, point value: 50.000000"
2023-03-08 10:19:44,92 922.37,92 897.37,-25.00,"Close short position for symbol CME_MINI:ES1! at price 3984.75 for 1 shares. Position AVG Price was 3984.250000, currency: USD, point value: 50.000000"
2023-03-08 10:19:11,92 947.37,92 922.37,-25.00,"Close short position for symbol CME_MINI:ES1! at price 3985.25 for 1 shares. Position AVG Price was 3984.750000, currency: USD, point value: 50.000000"
2023-03-08 10:04:25,92 947.86,92 947.37,-0.49,"Close short position for symbol AMEX:SPY at price 398.26 for 1 shares. Position AVG Price was 397.770000, currency: USD, point value: 1.000000"
2023-03-08 10:04:22,92 922.86,92 947.86,+25.00,"Close long position for symbol CME_MINI:ES1! at price 3988.00 for 1 shares. Position AVG Price was 3987.500000, currency: USD, point value: 50.000000"
2023-03-08 10:04:04,92 922.65,92 922.86,+0.21,"Close long position for symbol AMEX:SPY at price 398.10 for 1 shares. Position AVG Price was 397.890000, currency: USD, point value: 1.000000"
2023-03-08 09:58:12,92 960.15,92 922.65,-37.50,"Close long position for symbol CME_MINI:ES1! at price 3995.00 for 1 shares. Position AVG Price was 3995.750000, currency: USD, point value: 50.000000"
2023-03-08 09:58:00,92 947.65,92 960.15,+12.50,"Close long position for symbol CME_MINI:ES1! at price 3995.00 for 1 shares. Position AVG Price was 3994.750000, currency: USD, point value: 50.000000"
2023-03-08 09:32:12,92 892.65,92 947.65,+55.00,"Close long position for symbol CME_MINI:NQ1! at price 12214.25 for 1 shares. Position AVG Price was 12211.500000, currency: USD, point value: 20.000000"
2023-03-07 13:49:15,92 892.65,92 892.65,0.00,"Close short position for symbol CME_MINI:ES1! at price 3988.75 for 1 shares. Position AVG Price was 3988.750000, currency: USD, point value: 50.000000"
2023-03-07 13:46:42,92 880.15,92 892.65,+12.50,"Close short position for symbol CME_MINI:ES1! at price 3991.75 for 1 shares. Position AVG Price was 3992.000000, currency: USD, point value: 50.000000"
2023-03-07 13:45:12,92 817.65,92 880.15,+62.50,"Close short position for symbol CME_MINI:ES1! at price 3993.00 for 1 shares. Position AVG Price was 3994.250000, currency: USD, point value: 50.000000"
2023-03-07 13:42:57,92 817.65,92 817.65,0.00,"Close short position for symbol CME_MINI:ES1! at price 3995.00 for 1 shares. Position AVG Price was 3995.000000, currency: USD, point value: 50.000000"
2023-03-07 13:41:40,92 855.15,92 817.65,-37.50,"Close short position for symbol CME_MINI:ES1! at price 3995.50 for 1 shares. Position AVG Price was 3994.750000, currency: USD, point value: 50.000000"
2023-03-07 13:41:27,92 830.15,92 855.15,+25.00,"Close short position for symbol CME_MINI:ES1! at price 3995.50 for 1 shares. Position AVG Price was 3996.000000, currency: USD, point value: 50.000000"
2023-03-07 13:35:25,92 780.15,92 830.15,+50.00,"Close short position for symbol CME_MINI:ES1! at price 3997.50 for 1 shares. Position AVG Price was 3998.500000, currency: USD, point value: 50.000000"
2023-03-07 13:06:37,92 805.15,92 780.15,-25.00,"Close short position for symbol CME_MINI:ES1! at price 4003.25 for 1 shares. Position AVG Price was 4002.750000, currency: USD, point value: 50.000000"
2023-03-07 13:06:03,92 805.20,92 805.15,-0.05,"Close short position for symbol AMEX:SPY at price 399.71 for 1 shares. Position AVG Price was 399.660000, currency: USD, point value: 1.000000"
2023-03-07 10:33:39,92 685.20,92 805.20,+120.00,"Close long position for symbol CME_MINI:NQ1! at price 12295.75 for 1 shares. Position AVG Price was 12289.750000, currency: USD, point value: 20.000000"
2023-03-07 10:12:34,92 545.20,92 685.20,+140.00,"Close long position for symbol CME_MINI:NQ1! at price 12219.50 for 1 shares. Position AVG Price was 12212.500000, currency: USD, point value: 20.000000"
2023-03-07 10:11:51,92 895.20,92 545.20,-350.00,"Close short position for symbol CME_MINI:NQ1! at price 12202.50 for 1 shares. Position AVG Price was 12185.000000, currency: USD, point value: 20.000000"
2023-03-06 15:22:21,92 945.20,92 895.20,-50.00,"Close short position for symbol CME_MINI:ES1! at price 4051.50 for 1 shares. Position AVG Price was 4050.500000, currency: USD, point value: 50.000000"
2023-03-06 15:20:28,93 032.70,92 945.20,-87.50,"Close short position for symbol CME_MINI:ES1! at price 4052.75 for 1 shares. Position AVG Price was 4051.000000, currency: USD, point value: 50.000000"
2023-03-06 15:18:21,93 057.70,93 032.70,-25.00,"Close short position for symbol CME_MINI:ES1! at price 4050.75 for 1 shares. Position AVG Price was 4050.250000, currency: USD, point value: 50.000000"
2023-03-06 15:17:04,93 045.20,93 057.70,+12.50,"Close short position for symbol CME_MINI:ES1! at price 4051.25 for 1 shares. Position AVG Price was 4051.500000, currency: USD, point value: 50.000000"
2023-03-06 13:09:32,92 995.20,93 045.20,+50.00,"Close short position for symbol CME_MINI:ES1! at price 4061.00 for 1 shares. Position AVG Price was 4062.000000, currency: USD, point value: 50.000000"
2023-03-06 12:50:48,92 990.20,92 995.20,+5.00,"Close short position for symbol CME_MINI:NQ1! at price 12387.50 for 1 shares. Position AVG Price was 12387.750000, currency: USD, point value: 20.000000"
2023-03-06 12:49:54,93 035.20,92 990.20,-45.00,"Close short position for symbol CME_MINI:NQ1! at price 12392.00 for 1 shares. Position AVG Price was 12389.750000, currency: USD, point value: 20.000000"
2023-03-06 12:49:06,93 025.20,93 035.20,+10.00,"Close short position for symbol CME_MINI:NQ1! at price 12391.00 for 1 shares. Position AVG Price was 12391.500000, currency: USD, point value: 20.000000"
2023-03-06 12:48:18,93 100.20,93 025.20,-75.00,"Close short position for symbol CME_MINI:NQ1! at price 12395.00 for 1 shares. Position AVG Price was 12391.250000, currency: USD, point value: 20.000000"
2023-03-06 12:47:18,93 065.20,93 100.20,+35.00,"Close short position for symbol CME_MINI:NQ1! at price 12397.75 for 1 shares. Position AVG Price was 12399.500000, currency: USD, point value: 20.000000"
2023-03-06 12:46:38,93 090.20,93 065.20,-25.00,"Close short position for symbol CME_MINI:NQ1! at price 12401.50 for 1 shares. Position AVG Price was 12400.250000, currency: USD, point value: 20.000000"
2023-03-06 12:45:59,92 925.20,93 090.20,+165.00,"Close short position for symbol CME_MINI:NQ1! at price 12406.25 for 1 shares. Position AVG Price was 12414.500000, currency: USD, point value: 20.000000"
2023-03-06 11:33:07,92 975.20,92 925.20,-50.00,"Close short position for symbol CME_MINI:ES1! at price 4073.00 for 1 shares. Position AVG Price was 4072.000000, currency: USD, point value: 50.000000"
2023-03-06 11:31:53,93 025.20,92 975.20,-50.00,"Close short position for symbol CME_MINI:ES1! at price 4072.75 for 1 shares. Position AVG Price was 4071.750000, currency: USD, point value: 50.000000"
2023-03-06 11:29:38,93 062.70,93 025.20,-37.50,"Close short position for symbol CME_MINI:ES1! at price 4072.75 for 1 shares. Position AVG Price was 4072.000000, currency: USD, point value: 50.000000"
2023-03-06 11:21:24,93 387.70,93 062.70,-325.00,"Close long position for symbol CME_MINI:NQ1! at price 12469.25 for 1 shares. Position AVG Price was 12485.500000, currency: USD, point value: 20.000000"
2023-03-06 11:11:23,93 452.70,93 387.70,-65.00,"Close long position for symbol CME_MINI:NQ1! at price 12475.00 for 1 shares. Position AVG Price was 12478.250000, currency: USD, point value: 20.000000"
2023-03-06 11:10:53,93 487.70,93 452.70,-35.00,"Close long position for symbol CME_MINI:NQ1! at price 12475.75 for 1 shares. Position AVG Price was 12477.500000, currency: USD, point value: 20.000000"
2023-03-06 10:46:28,93 527.70,93 487.70,-40.00,"Close long position for symbol CME_MINI:NQ1! at price 12470.75 for 1 shares. Position AVG Price was 12472.750000, currency: USD, point value: 20.000000"
2023-03-06 10:44:14,93 507.70,93 527.70,+20.00,"Close long position for symbol CME_MINI:NQ1! at price 12466.25 for 1 shares. Position AVG Price was 12465.250000, currency: USD, point value: 20.000000"
2023-03-06 10:43:32,93 517.70,93 507.70,-10.00,"Close long position for symbol CME_MINI:NQ1! at price 12454.00 for 1 shares. Position AVG Price was 12454.500000, currency: USD, point value: 20.000000"
2023-03-06 10:43:15,93 437.70,93 517.70,+80.00,"Close long position for symbol CME_MINI:NQ1! at price 12453.00 for 3 shares. Position AVG Price was 12451.666667, currency: USD, point value: 20.000000"
2023-03-06 10:41:35,93 437.80,93 437.70,-0.10,"Close short position for symbol NASDAQ:QQQ at price 303.02 for 10 shares. Position AVG Price was 303.010000, currency: USD, point value: 1.000000"
2023-03-06 10:41:15,93 417.80,93 437.80,+20.00,"Close long position for symbol CME_MINI:NQ1! at price 12446.25 for 1 shares. Position AVG Price was 12445.250000, currency: USD, point value: 20.000000"
2023-03-06 10:38:22,93 377.80,93 417.80,+40.00,"Close long position for symbol CME_MINI:NQ1! at price 12442.75 for 1 shares. Position AVG Price was 12440.750000, currency: USD, point value: 20.000000"
2023-03-06 10:32:40,93 397.80,93 377.80,-20.00,"Close long position for symbol CME_MINI:NQ1! at price 12444.25 for 1 shares. Position AVG Price was 12445.250000, currency: USD, point value: 20.000000"
2023-03-06 10:32:26,93 367.80,93 397.80,+30.00,"Close long position for symbol CME_MINI:NQ1! at price 12442.50 for 1 shares. Position AVG Price was 12441.000000, currency: USD, point value: 20.000000"
2023-03-06 10:31:12,93 407.80,93 367.80,-40.00,"Close long position for symbol CME_MINI:NQ1! at price 12438.25 for 1 shares. Position AVG Price was 12440.250000, currency: USD, point value: 20.000000"
2023-03-06 10:29:25,93 547.80,93 407.80,-140.00,"Close long position for symbol CME_MINI:NQ1! at price 12433.00 for 1 shares. Position AVG Price was 12440.000000, currency: USD, point value: 20.000000"
2023-03-06 10:24:55,93 535.30,93 547.80,+12.50,"Close long position for symbol CME_MINI:ES1! at price 4075.00 for 1 shares. Position AVG Price was 4074.750000, currency: USD, point value: 50.000000"
2023-03-06 10:20:54,93 672.80,93 535.30,-137.50,"Close long position for symbol CME_MINI:ES1! at price 4074.25 for 1 shares. Position AVG Price was 4077.000000, currency: USD, point value: 50.000000"
2023-03-06 10:09:32,93 647.80,93 672.80,+25.00,"Close long position for symbol CME_MINI:ES1! at price 4073.25 for 1 shares. Position AVG Price was 4072.750000, currency: USD, point value: 50.000000"
2023-03-06 10:09:02,93 622.80,93 647.80,+25.00,"Close long position for symbol CME_MINI:ES1! at price 4071.50 for 1 shares. Position AVG Price was 4071.000000, currency: USD, point value: 50.000000"
2023-03-06 09:48:01,93 637.80,93 622.80,-15.00,"Close short position for symbol CME_MINI:NQ1! at price 12352.25 for 1 shares. Position AVG Price was 12351.500000, currency: USD, point value: 20.000000"
2023-03-06 09:47:53,93 627.80,93 637.80,+10.00,"Close short position for symbol CME_MINI:NQ1! at price 12356.00 for 1 shares. Position AVG Price was 12356.500000, currency: USD, point value: 20.000000"
2023-03-06 09:47:15,93 582.80,93 627.80,+45.00,"Close short position for symbol CME_MINI:NQ1! at price 12356.50 for 1 shares. Position AVG Price was 12358.750000, currency: USD, point value: 20.000000"
2023-03-06 09:41:01,93 582.80,93 582.80,0.00,"Close long position for symbol CME_MINI:NQ1! at price 12378.00 for 1 shares. Position AVG Price was 12378.000000, currency: USD, point value: 20.000000"